10000000000000000000000000000000000000001
10000000000000000000000000000000000000001
10000000000000000000000000000000000000001
10000000000024222422000000000000000000001
10000000000000000000000000000000000000001
10000000000000000000000000000000000000001
10000000000000000000000000000000000000001
10000000000000000000000000000000000000001
10000223222242220000000000000000011000001
10000000000000000000000000000000000000001
10000000000000000000000000000000000000001
10000000000000000001000000000000000000001
10000000000000000001000000000000000000001
11111111111111111111111111111111111111111
11111111111111111111111111111111111111111
11111111111111111111111111111111111111111
